best_action = [ 72   0  71 122 125   0   6  66  61 153  60 160  84 148 160  59  47 138
 156  72  19  26   5   1   5  42 156   0   0 164  11   0 156 114  12   0
  18  24 146 158 136  81   9  56  58  12  23  38  22  50 105  90 119  94
 160 103  57 150 159  57 139  93 119  10   2  26  70 120  12 148 133  56
  51  13  75  90  24   0  52  50   0  56 163 131  60  71  10 157  46  57
  71 148  77  32  78   7  70  10 159  45 138 114  39  95 163 119  93  91
  72  92 149 101  29   5  48 146 167  79  76  78 153  85 105  29  25  61
  95  14   9 166 163  26  55  90  54  56  66 136  66 120 115  26  60  24
 141 129 125 130   5  33  42 109  91  54 108 111  26  48  33  51  97   9
   0  83   0  51 106  20  17  77], 
 best_result = 0.963, random_result = 0.945