best_action = [  4   0 201 201 201 103   0   5 201  70 103 201 201 201 202   5 201 201
 202  85 103   0   0 104  55  91 201 201   9 202 202 202   0 202 201 103
 201 201 202  55   8 201   0 201   9  55 201   0 201  54 107 201 205 103
 201  55 202 202 201   0 107  37 202   4  54  64 153 201   6 202 205 205
 202   5 201 233  55 202  55 202   0   2   6   2 107 201 202 103 201   0
   0 201   5 202  57 131 201 104  57 149 201 202 201 201 204   0   6 153
  54 204 127 202   0 202 103 246 202   0 201  89 204 202 202 104   2 201
 201 202  57 204 201 107 201 138 201 202 201   5   5 202   0 202   5 201
 201  55 202   0 230 186 204  52  35 201 202 155 202 201   0   0   0 107
 201 104 202   0 201 201 244  54 117 202 201   0   0   0 183 205 127  37
  81 201  54   8  58   0 202 118 202 139   0 202 201   2   5 201   7 204
 116 201   0  98 196   9 202   0   9   6 144 201  54 201 201  31  38   0
 201 122 197 190   0 202 246  15 201   0  23 205 204 202   0 207 160  64
 201   0 103 136 134 204   0 202 202 106   6 202   0 202  81 201], 
 best_result = 0.640, random_result = 0.403