best_action = [  5   0   5 201   5   5   0   0  60   5   7 106 202 202   2   5 201 202
   0  54 201   0   5 169   6 201 201 146 202 105 124 202   5 112  85   0
  54 145 202   5 202 202   0   5 201   0   9 201 201   4   0 205 122 201
   0   0 107 204  66 202   0 204  54  52 202 213 216   6   0   9 204 202
 130   5 202 201 202   0  25 201 201 201 201   6 204 202 202   5  86 202
 205 202   0 237 201   0 201 201 104  58   0 104  54 218 201   0 103 104
  53 202   0 201   6 202   0   0 160 202   0 201   0 202  54 202 148   0
 201 203 201   4   0 202 187 202 201  95 202   5   0  81 104 202 103 202
 103 103 201 201   5 238 243 204 201   0 202 238 201 202 165  55   0   9
  26  78 105 197 201 153 202  54   0 108 242 201 201 204 202 103  57 202
 201 202   2 202  13 202 201 202  57   9   0 204   9 235 204   0 201 152
 201 201 209 201   0 103   2 204 202 221   5 105   0 202   6   5 202 202
 201 202 103 104 202 201 104 103 201 201 201 165 201   8   0 183  97 202
 201   5 201 202   0 202   0 203 227 204 202 202   8 202 152 204], 
 best_result = 0.688, random_result = 0.318