best_action = [  5   0   2 201 201   5   0   0  56 152  56   0 202 133 201   6 202 201
   6   5   6  57   6  33 202 202 202 204   6 204 202 202   0 202 103 205
 202 202   6   2   0 201   6   8 202   0  56 204 202 201 202 201 201   5
 202 204 204  54 201  54 153 202   5 202 201  54 201   5 104 104 202 204
 202   0 201 202 203 204 201 201 202 202 204 202 204 202 143 201   6 202
 204 201   6 202   6 202 201   6 103   3 205 202   6   2  55   0 202 202
 202   6   0 201 212 202  57 104 202   5 104   5   0   2 201 201 145   0
 201 202   5 202   0 220 201 202 204 201 202   6   5   6 204 201 202   6
 201   0 204 204 204 202   0 205  68 202 163   0 211  79 202 176   0 201
 201   0 103 202 107 201  57 204 125 204   8 204  55 116 201 204  55  57
 201 202 202 202   0   0 202 202 201 202   0 209 158 202 202 204 202 201
   0 103  92 202   0   5 201   0 117 202  12 136 201 104  54 204 204   0
 167 202   5  57 202 201 202   8  56 204   8 201   6   6 201 201 104   0
 204   0 202 202 202 201 201 201 104  80 201   0 202  54 204  54], 
 best_result = 0.673, random_result = 0.297