best_action = [  5   0 201 201 201   5   0   0 143 201 152   7   0 202   6   6   0 201
   0 202 104   0 106 201 201 204 201 202   0  55 201 204 201 202   4   0
  64 202  29 202   0 201 202 202 202   0 201 201 201 202 201 202 201 201
   0 204 202 202 202 204 202 202   5 201 104 243 202   6 202   4 201 201
   0 202 201 204 202   8 201   6 202  57 204 201 204 202 202   5 204 201
 202 202 202   5 104   8   9 202   5 201   0 203  57 201 201 202 201   8
 202 202   0 201 202   6 104   0  99 202  57 201   0 201   0 201 201 201
  57  55  55 204   0 205 201 202 204   0 201   5 204 204 202 204   0 201
 204 201 201 204 202   5   0  56 201 202  27 204 202 202   7 202 202 202
   0 201   8   0 201 204 201 104   0   0 201 202 201 201 204 201 202 202
   0  57 201 201 204 204 202   8   9 201 204 202   0 202 205 204 202 204
 201 204   0 202 202   5 155 204 204  55 202  80 201   0   8   5 204 202
 202 202   6   6   0 202 202   6   8   0 201   8 204 202  58  57 204 201
 202 202   5   0 202 203 204 201 201   6   6   0   1 204 202 201], 
 best_result = 0.634, random_result = 0.248