best_action = [ 88  38  35  88  38   0   0   2 164  37   0  16   0 132 147 165 187   0
 197 175   0 143 184  92  71  82  93   0   0 174 181 121 108  64  50 131
 230 245 108 137  78 162 181 188 186  53  73 132 139  25  57 108 162 162
 181 181  25 171 142 234  70 153  92 201  37   0   0 166 158 111 165 191
 126 186 216 139   0  51 197 150 198 168  95 132  34  15 185  24 207 239
 212  34 202 121   8 154 188 145 124   3 106  83 208 176  45 114 146 115
 174  56  80 198   6   6 120   0  61  39 170  88 175  40  25   2   4 131
 111  27 121 182  18 171 199 196  39 179  17 172  65 184   7   7  97  76
  31  86 205 184  16  86  16   0 184 151 132   0  24 201  33  82   0 173
  22  39  20 163 182 106  84 180 228  15  73 204  88  87 195  84 169 136
  80 212 171 133  64 134 194  16 130  87  75 205 165  87 182 171 133 145
 181  62 107 185  98  22 230   0 248 131  24 238 114 234 154   4  54 174
 154 227  84 138   1  13 249  33  98 149 158  87  83 150  21  76 133 171
  73  22 232 102 187  15 148  87 173  53 231  19 243 171 236 138], 
 best_result = 0.976