best_action = [ 27   0 120  47 187 107  18 119  70 191   0 158  44   0 134   0  49 247
  81   6 179  76  67 189  35  33  42   0 169  37  84 113 214 133  35  83
  83 165 228 170 242 132 190 135 161  18  37  33  42  35   0 100  61  66
  42  83 123 188 169 187 124 100  35 176  97   0  70  93  16 196  33 192
  10 168  93 170  96 120  18 166  82  84  45   0  86  65 142   0  96   2
  13  22  68   3  34  52  97 172 219  63  93  33  65 187 150  48   0   0
 137 157   0 233  32  22  91  94  80 164   1  19 171 146  97 182 214 100
   0 172   0 134   0 142  81 155  82  93 168 155  78  44   0 122 134 226
  18  86  35  28  98  37  63  32 171   0 143 165   0  89   4 128   0 196
  44 170 150  34  89 100  89  28 203  36  84 100 156  67  68  83 198  91
   6  92 217   0 142  79   0 188  32   0  16  24  89  41 198 108  14  97
 160  16  22  13 135  12 213  85  52  21 168 180  45 100 207  83 100 242
 176 244  36  41  18  18 100 182  70  60 104  81 228   6  90  51  79  49
  49  28  16  70 136  58  46  75 192  77 179 114  42 149 201 140], 
 best_result = 0.961