best_action = [  9   0   5   0  71   0 156 151 145 129  92 168   0 169 144  93 156   5
   7  51  31   0   2 123  18 158 111   4  78   5  11 161  11  39  57   0
   0 136  84  16 146  10  36   2  77 125 169 112  97  95 114  28  12  90
  65  70  48  19  29  12 123   2  73  71  38   7   0  79   4 132 119   0
  17  50  45   0  71  87  51 116   0 163  24  65  95  70  28  24  43 135
 108 150  13  89 136 141  58  92  55  42  17  20  12   5 151 168  57  12
 101  70  12  12  10 141 136  95  62 148  93  45  63 123 141  27  86  90
 114 145 116  13   0  12  52  57  26  76 124  40  82 119 134  65 156 169
 138 158 123 100  36  40  35 115 113  25 144  29  32 122 140   0  56 136
 142  51  37  16 151 166  45  20], 
 best_result = 0.963