best_action = [  0   0 194 244  97 144 112   0  33  37  77  11   2   0  24   0   0  55
  72 113 147  14   0 179 202   0 201 160 196 107 142 162 133  72  60  71
   0  83  72  59   0 165 169 148 184  74 179 111 185  12 179 112 104   0
  67  14 155 224 182 103   0 202 100 209 247 113 179 179 187 120 127  35
 158 202  45  29 122 212  57 163   0 188 153 172 135 106 188 188   0  65
  14 232 169  22 174  49 166 224 167 179 154 191 137 179 242   0  15 233
 106 220  15  23 106 133 160   1 219 129  23  15 113  73 131 182  18  90
 224  56 228  12 224 204 120  48  92 174 179 231  44 142 125 162 179   2
 247   0 182  67 196 214   0  64 104 148  12  55 162  34 105 175 246   5
  27 189  97 156  82  18  97 146   0 175 191 101 142  93  88 187 161  65
 102  36 109  72  18 169 113 143 159 128   0 243   2 216  36 199 162 248
 206 185 140 153  73  15  85   0 162  10 156 163 206  83  85 131   0   0
  19  51  72 127 131 199  22 246  81   0 131  87 105 134 219  72 184  64
  95 179 140 231 104 242 236 161   2  44 239 162 222  71  32 116], 
 best_result = 0.994