best_action = [ 59   0 154 138  75 148   0   0  68 212   0   0  58 197  56  66   3 136
  50 105 162   0  37 159 130  57   0  65   0  70   8  59 195  44  93 106
 171 234 106 122  73  70   0 120 146   0  56 115 206  62   0 205 176  78
  72 106   8  54   0  58 180  73 108   0  57   8   0   3 191 140 194   8
  56 126  93  93  11 171  93  73 238 197  54   0 200  24  93 100 199 145
   0  10 121  72  55   0   0   7 121 220 111   0   0  93 184   0  59  62
 121 145  18  93 158  18 155 123 123  44  57  94 111  99  54   5 106  62
 176 192 143  44   0  18 166  46  57   0  10  24 230 189   0  44 123 137
 141   8   5  25 246 235  74  62  54  34   8   0  74   7 172   5  93  57
  62 138 118 221  62 107 106  46  93  62 139 142   5   9 105 169  56 106
 152   2 142 191  62   0 203 223 131 170   0  86 224 177 171  62   6 188
 184 214 118   0 108 155 116 172 104   0  94  88 153 157   5  67  20  62
 154  45  54  13  13 158  34  59 105   0  57 116  94  54 203 107 177 111
 104 214  25  45 154  54 111  57 153  38 120 216 138  38  81 215], 
 best_result = 0.850