best_action = [ 47  13   0  98  28  59   0  99  48  44   0  25  24  46  78  42  46   2
  20  16 115  81  59  21 124  77 107   0  77   7 127   7  25  47  77  91
 112 134 154 121  56 110 120 155   2 138  77  25  49  39   0 126  99 105
  24  59  25 112  56 111  57 132 112   7 120 172 175 118  42  42 112 166
 167 173  69  12  30 145 146  64  80  49 101   0  31  45  24  80 112  24
   0 116 147  45 170   0  41  19 176  99 176 111 163 112 139  41  76  13
  83  22 169   7  28 159 107 155  43 103  97  14  31   4 126  70 150  77
  77 168   0 150 149 133   7   2  84 152   0  68 139  77  78  33   7 115
 156 164  17  54  55 174 126 115   4   0 152 147   7 100  77  33 111 147
 157   6 117  27 179  99  17 149 148 133  28 150  41 142 170  77  31 133], 
 best_result = 0.925