best_action = [  7 277  26  97 126  14 223 260 128 236 182 289 279  38 282  25 123 264
  65  85 149 260 134 109  32 197 189 290 103  47  23 169 204  12  77 175
  16  86  90  52 205 131  87 123 117 257  86 104 103 236 157 169 177 221
 118 267 103  99 230  28 288  97 135 248 152 210 245 144  90  63  48 174
 223 170 193 215 211 254 280  93 222  13 104  59  74 129 267 206 132 106
 297 183  36 141 235   5 174  95 202 228  66 226   7 152 169 261 100 292
 112 115 145  28 187 178 217  88 226  23 141 273 194  75 199 238  66 254
 228 235  37 226  20 165 268 230 146 265 105 143  29 198 235 176 186 192
 162  62 228 199  81 247 126 243 270  38  16  37  72 284  46 105  88  87
  12   3  37 199  85  59  57 112  10 134 184 118 282  35 101 177  94 180
  97  72 292 278  26 169 237  67 227 142 189  94 283  96 298  73 170  28
 257 223 150 225  31 296  86 127 166 125 245 133 297  19 279  16  72 279
 206   4  32 292 253 213 289  10  33 286 140 255 108 170 253 290 147 263
 290 138 192 141 216  43 232   9 213  25 243  87  52 175 259  82 153 105
 165  77   7 106 208  28  86 123 207 154 207  39  90  99  82 204  62 101
  89  22  42 214 150  69 139 102 263  16 229 159  53 200  40 162  10  49
 176 269  31 274  85 101 172 255 226 177 206  80], 
 best_result = 0.950