best_action = [276 121 273   8 179 255 183  11  21  90  33 140  28  67  23 243 132  30
 198 279   5 207 220  42 193  69 105  98 225 213  71 105 163 241  45 102
 200 117 196  23  61 121  23 132 211   5 134  61  73  94  82 254  86 171
 163  62 210   1  50  21 209 225  80 143  39 234   9 191 175  66 233  46
 155  68  12  93 243 181 144 264 102   8 199 148 259 190 177  50 144  48
  34 121 102  95   7 158 188 118 151 153 149  92  53 190 201 253 187 204
 245 110 196 113 172 119 209  39 142 264  87 236 184 128 194  50 267  43
  47 143  68 144  49 172 174 281  78 209 135  78   9 273 160 215 118 264
 226 248 193 153 269 272  49  78 163 249 193  48 147  82 204 113 161 243
 194 210  50 208 136  95 263  32 105 190   9 277 115  68 157 236 165 284
   9 113 143  31  26 103 125 161 223 197 198  72 272  70 263  35   7 261
  75 192  60  32  53 228 134 175 202  19 178 201  93  43 239 211 239 203
  30  21  42 134 121 126 191 247  14  44 248 122  27 256 121 154 213 196
 269 274 223 261 145 136 177 110 169  82  33 184   0 134 166 121 145 255
 279  68  38 121 210 256 174  77 225 250  53 200 279 235 106  73  39 276
 138 131  15 264 236   1  32 144  10 273 190 204 149  16 131], 
 best_result = 0.969